6 15 101111110110110
66 15 101111110110111
183 15 101111110110100
186 15 101111110110101
246 15 101111110001010
308 15 101111110001011
433 15 101111110001000
496 15 101111110001001
564 15 101111110001110
689 15 101111110001111
757 15 101111110001100
813 15 101111110001101
814 15 101111110000010
815 15 101111110000011
816 15 101111110000000
878 15 101111110000001
940 15 101111110000110
941 15 101111110000111
1000 15 101111110000100
1005 15 101111110000101
1064 15 101111110011010
1065 15 101111110011011
1066 15 101111110011000
1128 15 101111110011001
1192 15 101111110011110
1255 15 101111110011111
1321 15 101111110011100
1323 15 101111110011101
1386 15 101111110010010
1509 15 101111110010011
1510 15 101111110010000
1574 15 101111110010001
1634 15 101111110010110
1638 15 101111110010111
1696 15 101111110010100
1701 15 101111110010101
1764 15 101111111101010
1888 15 101111111101011
1951 15 101111111101000
1952 15 101111111101001
1953 15 101111111101110
2078 15 101111111101111
2138 15 101111111101100
2266 15 101111111101101
2267 15 101111111100010
2394 15 101111111100011
2449 15 101111111100000
2451 15 101111111100001
2457 15 101111111100110
2582 15 101111111100111
2644 15 101111111100100
2709 15 101111111100101
2771 15 101111111111010
2897 15 101111111111011
2960 15 101111111111000
3086 15 101111111111001
3148 15 101111111111110
3211 15 101111111111111
3276 15 101111111111100
3335 15 101111111111101
3336 15 101111111110010
3340 15 101111111110011
3400 15 101111111110000
3464 15 101111111110001
3590 15 101111111110110
3650 15 101111111110111
3652 15 101111111110100
3653 15 101111111110101
3713 15 101111111001010
3716 15 101111111001011
3717 15 101111111001000
3779 15 101111111001001
3838 15 101111111001110
3842 15 101111111001111
3905 15 101111111001100
3963 15 101111111001101
3967 15 101111111000010
4028 15 101111111000011
4030 15 101111111000000
4032 15 101111111000001
4093 15 101111111000110
4095 15 101111111000111
4154 15 101111111000100
4216 15 101111111000101
4221 15 101111111011010
4283 15 101111111011011
4720 15 101111111011000
4850 15 101111111011001
5228 15 101111111011110
5291 15 101111111011111
5354 15 101111111011100
5417 15 101111111011101
5542 15 101111111010010
5668 15 101111111010011
5669 15 101111111010000
5731 15 101111111010001
5857 15 101111111010110
5921 15 101111111010111
6043 15 101111111010100
6236 15 101111111010101
6425 14 00010000101010
6802 14 00010000101011
7496 14 00010000101000
7870 14 00010000101001
123 14 10111111011000
127 14 10111111011001
307 14 10111111011110
309 14 10111111011111
312 14 10111111011100
372 14 10111111011101
375 14 10111111010010
435 14 10111111010011
438 14 10111111010000
563 14 10111111010001
625 14 10111111010110
627 14 10111111010111
750 14 10111111010100
1008 14 10111111010101
1067 14 10111110101010
1129 14 10111110101011
1193 14 10111110101000
1260 14 10111110101001
1447 14 10111110101110
1762 14 10111110101111
1825 14 10111110101100
1885 14 10111110101101
1889 14 10111110100010
2014 14 10111110100011
2079 14 10111110100000
2140 14 10111110100001
2204 14 10111110100110
2330 14 10111110100111
2455 14 10111110100100
2520 14 10111110100101
2770 14 10111110111010
2772 14 10111110111011
2835 14 10111110111000
3023 14 10111110111001
3149 14 10111110111110
3212 14 10111110111111
3275 14 10111110111100
3338 14 10111110111101
3401 14 10111110110010
3901 14 10111110110011
4657 14 10111110110000
4662 14 10111110110001
4976 14 10111000000110
5606 14 10111000000111
5984 13 0001100111100
65 13 0001100111101
437 13 0011110101100
688 13 0011110101101
882 13 0011110100010
1071 13 0011110100011
1130 13 0011110100000
1197 13 0011110100001
1258 13 0011110100110
1449 13 0011110100111
1573 13 0011110100100
1636 13 0011110100101
2015 13 0011110111010
2016 13 0011110111011
2141 13 0011110111000
2329 13 0011110111001
2518 13 0011110111110
2519 13 0011110111111
2645 13 0011110111100
3085 13 0011110111101
3274 13 0011011001010
3775 13 0011011001011
5858 13 1011100000010
-6 12 000100001011
498 12 000100001000
687 12 000100001001
751 12 000100001110
877 12 000100001111
945 12 000100001100
1006 12 000100001101
1322 12 000100000010
1448 12 000100000011
1700 12 000100000000
2203 12 000100000001
2392 12 000100000110
2393 12 000100000111
2767 12 000100000100
2898 12 000100000101
310 12 000110011111
500 12 000110011100
562 12 000110011101
756 12 001100001010
819 12 001100001011
880 12 001100001000
1384 12 001100001001
1699 12 000110010010
2708 12 000110010011
5795 12 001101100100
248 12 001111010111
436 12 001111010100
693 12 001111010101
1511 12 001110101010
1637 12 001110101011
1826 12 101110000000
56 12 101110010100
120 12 101110010101
374 12 101110011010
630 12 101110011011
1069 12 101110011000
1763 12 101110011001
184 12 101111101101
373 11 00010001010
943 11 00010001011
1070 11 00010001000
1195 11 00010001001
1132 11 00011000110
1133 11 00011000111
1259 11 00011001000
504 11 00011001100
1196 11 00011001101
247 11 00110110011
311 11 00110110000
441 11 00110110001
499 11 00110100110
628 11 00110100111
817 11 00111010100
185 11 00111101100
567 11 00111101101
754 11 00111010110
1385 11 00111010111
122 11 10111000001
818 11 10111001011
1007 11 10111001110
-5 11 10111001111
121 11 10111100010
944 11 10111100011
4 10 0001100000
691 10 0001100001
881 10 0001100010
64 10 0001100101
378 10 0011000011
755 10 0011010010
692 10 1011000100
315 10 1011000101
252 10 1011100001
565 10 1011100100
60 10 1011110000
439 9 000100011
502 9 001100000
566 9 001101000
189 9 001101101
376 9 001110100
629 9 101100011
503 9 101110001
250 9 101111001
313 9 101111100
58 8 00010010
440 8 00010011
126 8 00110001
55 8 00110101
5 8 00110111
187 8 00111011
377 8 00111100
314 8 10110000
251 8 10111101
59 7 0001101
-4 7 0011001
-3 7 0011100
63 7 0011111
188 7 1011001
124 7 1011101
3 6 000101
-2 6 000111
125 6 101101
61 4 0000
2 4 0010
62 4 1010
-1 3 100
0 2 01
1 2 11
