-7 14 11011100111110
8 14 11011100111111
186 14 11011100111100
249 14 11011100111101
312 14 11011100110010
373 14 11011100110011
375 14 11011100110000
380 14 11011100110001
437 14 11011100110110
499 14 11011100110111
500 14 11011100110100
501 14 11011100110101
563 14 11011100001010
568 14 11011100001011
569 14 11011100001000
625 14 11011100001001
628 14 11011100001110
632 14 11011100001111
693 14 11011100001100
755 14 11011100001101
818 14 11011100000010
819 14 11011100000011
945 14 11011100000000
1070 14 11011100000001
1134 14 11011100000110
1322 14 11011100000111
1700 14 11011100000100
1763 14 11011100000101
-6 13 1101110011100
57 13 1101110011101
119 13 1101110010010
123 13 1101110010011
192 13 1101110010000
247 13 1101110010001
311 13 1101110010110
316 13 1101110010111
436 13 1101110010100
438 13 1101110010101
502 13 1101111001010
507 13 1101111001011
562 13 1101111001000
881 13 1101111001001
943 13 1101101001010
1006 13 1101101001011
1007 13 1111101001010
129 13 1111101001011
253 12 110001101000
310 12 110001101001
374 13 1111101011110
567 13 1111101011111
756 12 110110100100
65 12 110111000110
184 12 110111000111
248 12 110111000100
378 12 110111000101
441 12 110110101110
565 12 110110101111
944 12 111110100100
6 12 111110101010
439 12 111110101011
692 12 111110101110
315 11 11000110101
566 11 11000110010
691 11 11000110011
66 11 11011010011
185 11 11011010000
189 11 11011010001
376 11 11011010110
121 11 11011110011
313 11 11011110000
629 11 11011110001
5 11 11111010011
252 11 11111010100
55 11 11111010110
64 10 1100011000
122 10 1100011011
503 10 1100011110
-5 10 1100011111
440 10 1101101010
56 10 1111101000
4 10 1111101100
250 10 1111101101
187 10 1111101110
377 10 1111101111
126 9 110001110
-4 9 110100100
314 9 110100101
251 9 110111101
60 8 11010011
63 8 11011011
124 8 11011101
188 8 11011111
-3 7 1100010
58 7 1101000
3 7 1101100
125 7 1111100
59 6 110000
-2 6 110101
61 6 111111
2 5 11001
62 5 11110
-1 4 1110
0 2 10
1 1 0
