-42 16 1010110110101000
-39 16 1010110110101001
-36 16 1010110110101110
-35 16 1010110110101111
-33 16 1010110110101100
68 16 1010110110101101
113 16 1010110110100010
119 16 1010110110100011
128 16 1010110110100000
178 16 1010110110100001
182 16 1010110110100110
186 16 1010110110100111
245 16 1010110110100100
255 16 1010110110100101
315 16 1010110110111010
317 16 1010110110111011
373 16 1010110110111000
374 16 1010110110111001
-37 15 101011011010101
-32 15 101110100101010
-25 15 101110100101011
69 15 101110100101000
70 15 101110100101001
114 15 101110100101110
118 15 101110100101111
129 15 101110100101100
183 15 101110100101101
187 15 101110100100010
189 15 101110100100011
190 15 101110100100000
192 15 101110100100001
-31 14 10010000000000
-30 14 10010000000001
-29 14 10010000000110
42 14 10010000000111
112 14 10010000000100
127 14 10010000000101
-34 14 10101101101111
-24 14 10101101101100
117 14 10101101101101
185 14 10011111000010
250 14 10011111000011
251 13 1000000001100
120 13 1000000001101
-27 13 1001000000001
25 13 1001000000110
28 13 1001000000111
34 13 1001000000100
35 13 1001000000101
126 13 1001010100010
-28 13 1001010100011
30 13 1001111100000
-26 13 1011101001001
29 13 1010110001010
123 13 1010110001011
-22 12 100000000111
21 12 100000000100
24 12 100000000101
27 13 1011110011110
184 13 1011110011111
188 12 100000001110
22 12 100000001111
26 12 100001110110
41 12 100001110111
19 12 100001111010
64 12 100001111011
124 12 100101010000
122 12 100101010110
23 12 100101010111
-21 12 100111110001
66 12 101011000100
-19 12 101011011000
20 12 101011011001
-23 12 101111001110
65 11 10000000110
-20 11 10000111010
18 11 10000111100
-18 11 10010000110
16 11 10010000111
31 11 10010000100
36 11 10010000101
17 11 10010101001
40 11 10010101010
125 11 10010111000
37 11 10010111001
-16 11 10011111001
-17 11 10101100011
32 11 10101100000
33 11 10101100001
43 11 10111010011
63 11 10111100110
121 10 1000000000
-14 10 1000000010
15 10 1000001000
53 10 1000001001
-15 10 1000011100
48 10 1000011111
14 10 1001000001
-13 10 1001011101
-11 10 1001111101
52 10 1010110111
60 10 1011101000
13 10 1011110010
-12 9 100000101
12 9 100100010
-10 9 100100011
44 9 100100110
11 9 100100111
47 9 100101011
38 9 100101111
-9 9 100111111
46 9 101011001
54 9 101011010
-8 9 101110101
9 9 101111000
49 9 101111110
39 9 101111111
10 8 10000001
45 8 10000011
50 8 10000100
51 8 10000101
56 8 10000110
59 8 10001010
57 8 10001011
-7 8 10010010
8 8 10010100
55 8 10010110
-6 8 10011110
62 8 10111011
7 8 10111101
61 8 10111110
-5 7 1000100
6 7 1001110
58 7 1010111
-4 7 1011100
5 6 100011
-3 6 100110
4 6 101010
3 5 10100
-2 5 10110
2 4 1100
-1 4 1101
0 3 111
1 1 0
