-22 13 0100010010110
-20 13 0100010010111
-16 13 0100010010100
-15 13 0100010010101
-13 13 0100011001010
-11 13 0100011001011
11 13 0100011001000
13 13 0100011001001
22 13 0100011001110
23 13 0100011001111
24 13 0100011001100
60 13 0100011001101
-21 12 010001001000
-19 12 010001001001
-18 12 010001001110
-14 12 010001001111
-10 12 010001001100
8 12 010001001101
17 12 010001000010
18 12 010001000011
-8 12 010011101010
12 12 010011101011
16 11 01000100000
-9 11 01000110000
14 11 01000110001
10 11 01001110100
9 10 0100010001
-7 10 0100011010
7 10 0100011011
-6 10 0100111011
6 9 010011100
-5 8 01000101
5 8 01000111
-4 8 01001111
4 7 0100110
-3 6 010000
3 6 010010
2 5 01010
-2 5 01011
1 3 011
-1 2 00
0 1 1
