-70 15 100010111110100
-67 15 100010111110101
-66 15 110000001101010
-63 15 110000001101011
-52 15 110000001101000
57 15 110000001101001
62 15 110000001101110
67 15 110000001101111
68 15 110000001101100
69 15 110000001101101
72 15 010010110111010
75 15 010010110111011
77 14 01001011011100
-69 14 10001011111011
-65 14 10001011111000
-62 14 10001011111001
-58 14 10001011111110
-54 14 10001011111111
59 14 10001011111100
60 14 10001011111101
61 14 01001011111110
64 14 01001011111111
-64 13 0100101101111
-57 13 0100101101100
-55 13 0100101101101
-41 13 0011100010010
55 13 0011100010011
58 13 0100101111110
-60 13 1100000011000
-59 13 1100000011001
-56 13 1100000011110
-49 13 1100000011111
50 13 1100000011100
56 13 1100000011101
-53 12 000000111000
-51 12 000000111001
-50 12 000000111110
-48 12 000000111111
-47 12 000000111100
-45 12 000000111101
-43 12 000000110010
49 12 000000110011
52 12 001110001000
44 12 010010110100
47 12 010010110101
48 12 001110100110
53 12 001110100111
54 12 010010111110
-46 12 100010110010
-39 12 100010110011
39 12 100010110000
51 12 100010110001
-40 12 110000110000
-42 12 110000110001
38 11 00000011000
-44 11 00000011101
-38 11 00110010010
34 11 00110010011
43 11 00110010000
46 11 00110010001
41 11 00111000101
42 11 00111010010
-37 11 01001011000
40 11 01001011001
45 11 01001011110
-35 11 01101101000
33 11 01101101001
-36 11 10001011110
35 11 11000000100
37 11 11000000101
36 11 11000011001
-34 10 0000001101
-30 10 0011001010
-32 10 0011001011
-31 10 0011100011
32 10 0011101000
-33 10 0100101110
28 10 0110110000
31 10 0110110001
-29 10 0110110101
29 10 1000101101
30 10 1000101110
-28 10 1100001101
26 9 001110000
24 9 001110010
27 9 001110011
-27 9 001110101
-24 9 011011001
25 9 011011011
-26 9 100010100
-25 9 100010101
23 9 110000000
21 9 110000111
-22 8 00000010
22 8 00110000
20 8 00110001
-21 8 00110011
-23 8 00111011
-20 8 01001010
19 8 10101000
-19 8 10101001
17 8 11000001
18 8 11000010
-17 7 0000000
-18 7 0000010
16 7 0000011
15 7 0100100
-15 7 0100110
-16 7 0100111
-14 7 0110111
14 7 1000100
-13 7 1010101
12 7 1110000
13 7 1110001
-12 6 000010
-11 6 000011
11 6 001101
10 6 001111
-10 6 011010
9 6 100011
-9 6 101011
8 6 110001
-8 6 111001
7 5 00010
-7 5 00011
-6 5 01000
6 5 01100
-5 5 10000
5 5 10100
-4 5 11001
4 5 11101
-3 4 0010
3 4 0101
-2 4 0111
2 4 1001
-1 4 1011
1 4 1101
0 4 1111
